1   66.2
2   66.2
3   66.2
4   66.2
5   66.2
6   66.2
7   66.2
8   66.2
9   66.2
10   66.2
11   66.2
12   66.2
13   64.4
14   64.4
15   64.4
16   64.4
17   62.6
18   62.6
19   62.6
20   62.6
21   66.2
22   68.0
23   68.0
24   66.2
25   66.2
26   66.2
27   66.2
28   66.2
29   66.2
30   66.2
31   66.2
32   66.2
33   62.6
34   66.2
35   66.2
36   66.2
37   66.2
38   60.8
39   60.8
40   59.0
41   59.0
42   62.6
43   60.8
44   60.8
45   62.6
46   62.6
47   62.6
48   62.6
49   62.6
50   62.6
51   62.6
52   62.6
53   62.6
54   62.6
55   62.6
56   62.6
57   62.6
58   62.6
59   71.6
60   71.6
61   71.6
62   71.6
63   66.2
64   62.6
65   62.6
66   62.6
67   62.6
68   68.0
69   69.8
70   71.6
71   71.6
72   71.6
73   71.6
74   71.6
75   71.6
76   71.6
77   71.6
78   71.6
79   71.6
80   71.6
81   71.6
82   71.6
83   71.6
84   71.6
85   71.6
86   71.6
87   68.0
88   68.0
89   66.2
90   68.0
91   68.0
92   68.0
93   68.0
94   69.8
95   71.6
96   71.6
97   71.6
98   71.6
99   71.6
100   71.6
101   71.6
102   71.6
103   71.6
104   71.6
105   71.6
106   73.4
107   71.6
108   71.6
109   71.6
110   69.8
111   69.8
112   69.8
113   69.8
114   68.0
115   68.0
116   68.0
117   68.0
118   71.6
119   71.6
120   71.6
121   71.6
122   71.6
123   71.6
124   71.6
125   71.6
126   71.6
127   71.6
128   71.6
129   71.6
130   71.6
131   71.6
132   71.6
133   71.6
134   71.6
135   69.8
136   69.8
137   69.8
138   69.8
139   69.8
140   68.0
141   69.8
142   69.8
143   71.6
144   71.6
145   71.6
146   71.6
147   71.6
148   71.6
149   71.6
150   71.6
151   71.6
152   73.4
153   73.4
154   73.4
155   73.4
156   73.4
157   71.6
158   71.6
159   71.6
160   69.8
161   69.8
162   69.8
163   69.8
164   69.8
165   71.6
166   71.6
167   71.6
168   73.4
169   73.4
170   73.4
171   73.4
172   73.4
173   73.4
174   73.4
175   73.4
176   73.4
177   73.4
178   73.4
179   75.2
180   73.4
181   69.8
182   68.0
183   68.0
184   68.0
185   68.0
186   68.0
187   66.2
188   66.2
189   69.8
190   69.8
191   69.8
192   71.6
193   71.6
194   71.6
195   71.6
196   71.6
197   71.6
198   71.6
199   71.6
200   71.6
201   71.6
202   73.4
203   73.4
204   73.4
205   71.6
206   71.6
207   71.6
208   71.6
209   71.6
210   68.0
211   64.4
212   64.4
213   64.4
214   64.4
215   64.4
216   64.4
217   64.4
218   64.4
219   64.4
220   64.4
221   64.4
222   64.4
223   64.4
224   64.4
225   64.4
226   60.8
227   60.8
228   60.8
229   59.0
230   55.4
231   51.8
232   53.6
233   48.2
234   48.2
235   50.0
236   51.8
237   53.6
238   53.6
239   57.2
240   57.2
241   57.2
242   57.2
243   57.2
244   57.2
245   57.2
246   57.2
247   57.2
248   57.2
249   59.0
250   60.8
251   60.8
252   68.0
253   71.6
254   71.6
255   62.6
256   62.6
257   62.6
258   69.8
259   69.8
260   69.8
261   69.8
262   69.8
263   69.8
264   69.8
265   69.8
266   69.8
267   69.8
268   69.8
269   69.8
270   69.8
271   69.8
272   69.8
273   69.8
274   71.6
275   71.6
276   71.6
277   71.6
278   71.6
279   71.6
280   75.2
281   75.2
282   75.2
283   75.2
284   75.2
285   75.2
286   75.2
287   75.2
288   75.2
289   75.2
290   73.4
291   73.4
292   73.4
293   73.4
294   73.4
295   73.4
296   71.6
297   71.6
298   71.6
299   71.6
300   71.6
301   71.6
302   71.6
303   71.6
304   71.6
305   71.6
306   71.6
307   71.6
308   71.6
309   71.6
310   71.6
311   73.4
312   73.4
313   73.4
314   73.4
315   73.4
316   73.4
317   73.4
318   73.4
319   73.4
320   73.4
321   69.8
322   69.8
323   71.6
324   71.6
325   71.6
326   71.6
327   71.6
328   71.6
329   71.6
330   71.6
331   71.6
332   71.6
333   73.4
334   73.4
335   73.4
336   73.4
337   73.4
338   73.4
339   73.4
340   73.4
341   73.4
342   73.4
343   73.4
344   73.4
345   69.8
346   71.6
347   71.6
348   71.6
349   71.6
350   69.8
351   66.2
352   64.4
353   64.4
354   66.2
355   66.2
356   69.8
357   69.8
358   73.4
359   73.4
360   71.6
361   71.6
362   71.6
363   71.6
364   71.6
365   71.6
366   71.6
367   71.6
368   71.6
369   69.8
370   71.6
371   71.6
372   71.6
373   71.6
374   71.6
375   71.6
376   69.8
377   69.8
378   68.0
379   68.0
380   66.2
381   66.2
382   66.2
383   64.4
384   64.4
385   64.4
386   64.4
387   64.4
388   64.4
389   64.4
390   64.4
391   64.4
392   64.4
393   57.2
394   57.2
395   57.2
396   59.0
397   59.0
398   62.6
399   62.6
400   62.6
401   60.8
402   62.6
403   62.6
404   62.6
405   62.6
406   64.4
407   64.4
408   64.4
409   64.4
410   64.4
411   64.4
412   64.4
413   64.4
414   64.4
415   64.4
416   64.4
417   64.4
418   69.8
419   71.6
420   71.6
421   71.6
422   71.6
423   71.6
424   71.6
425   69.8
426   69.8
427   66.2
428   66.2
429   66.2
430   69.8
431   69.8
432   69.8
433   69.8
434   69.8
435   69.8
436   69.8
437   69.8
438   69.8
439   69.8
440   69.8
441   69.8
442   71.6
443   69.8
444   69.8
445   69.8
446   69.8
447   68.0
448   66.2
449   66.2
450   64.4
451   64.4
452   66.2
453   68.0
454   68.0
455   71.6
456   71.6
457   71.6
458   71.6
459   71.6
460   71.6
461   71.6
462   71.6
463   71.6
464   71.6
465   69.8
466   69.8
467   69.8
468   69.8
469   69.8
470   69.8
471   69.8
472   68.0
473   68.0
474   68.0
475   69.8
476   69.8
477   73.4
478   73.4
479   73.4
480   73.4
481   73.4
482   73.4
483   73.4
484   73.4
485   73.4
486   73.4
487   73.4
488   73.4
489   66.2
490   66.2
491   66.2
492   66.2
493   66.2
494   66.2
495   64.4
496   62.6
497   62.6
498   62.6
499   59.0
500   57.2
501   64.4
502   64.4
503   62.6
504   64.4
505   64.4
506   64.4
507   64.4
508   64.4
509   64.4
510   64.4
511   64.4
512   60.8
513   60.8
514   60.8
515   64.4
516   64.4
517   66.2
518   66.2
519   66.2
520   66.2
521   66.2
522   66.2
523   66.2
524   66.2
525   66.2
526   68.0
527   68.0
528   68.0
529   68.0
530   68.0
531   68.0
532   68.0
533   66.2
534   66.2
535   68.0
536   69.8
537   69.8
538   68.0
539   66.2
540   66.2
541   66.2
542   66.2
543   66.2
544   66.2
545   66.2
546   66.2
547   66.2
548   66.2
549   66.2
550   57.2
551   57.2
552   57.2
553   57.2
554   57.2
555   57.2
556   57.2
557   57.2
558   57.2
559   57.2
560   57.2
561   57.2
562   57.2
563   57.2
564   57.2
565   57.2
566   57.2
567   57.2
568   57.2
569   57.2
570   57.2
571   57.2
572   55.4
573   55.4
574   57.2
575   60.8
576   60.8
577   57.2
578   57.2
579   57.2
580   57.2
581   57.2
582   55.4
583   55.4
584   55.4
585   57.2
586   57.2
587   57.2
588   57.2
589   57.2
590   57.2
591   57.2
592   57.2
593   57.2
594   57.2
595   57.2
596   57.2
597   57.2
598   57.2
599   59.0
600   59.0
601   59.0
602   59.0
603   60.8
604   60.8
605   60.8
606   60.8
607   60.8
608   60.8
609   62.6
610   62.6
611   62.6
612   62.6
613   62.6
614   62.6
615   62.6
616   62.6
617   62.6
618   62.6
619   62.6
620   62.6
621   57.2
622   57.2
623   60.8
624   59.0
625   57.2
626   57.2
627   57.2
628   57.2
629   57.2
630   57.2
631   57.2
632   57.2
633   57.2
634   57.2
635   57.2
636   57.2
637   57.2
638   57.2
639   57.2
640   57.2
641   57.2
642   57.2
643   57.2
644   57.2
645   55.4
646   55.4
647   51.8
648   51.8
649   51.8
650   51.8
651   46.4
652   46.4
653   42.8
654   42.8
655   44.6
656   48.2
657   48.2
658   51.8
659   53.6
660   53.6
661   53.6
662   53.6
663   53.6
664   53.6
665   53.6
666   53.6
667   53.6
668   53.6
669   55.4
670   55.4
671   55.4
672   53.6
673   53.6
674   51.8
675   55.4
676   55.4
677   55.4
678   57.2
679   57.2
680   55.4
681   55.4
682   55.4
683   55.4
684   55.4
685   55.4
686   55.4
687   55.4
688   55.4
689   55.4
690   55.4
691   55.4
692   55.4
693   51.8
694   51.8
695   51.8
696   51.8
697   46.4
698   44.6
699   46.4
700   46.4
701   46.4
702   42.8
703   42.8
704   42.8
705   50.0
706   51.8
707   51.8
708   51.8
709   51.8
710   51.8
711   51.8
712   51.8
713   51.8
714   51.8
715   51.8
716   51.8
717   46.4
718   50.0
719   55.4
720   55.4
721   50.0
722   46.4
723   44.6
724   44.6
725   46.4
726   46.4
727   46.4
728   48.2
729   48.2
730   53.6
731   53.6
732   53.6
733   53.6
734   53.6
735   53.6
736   53.6
737   53.6
738   53.6
739   53.6
740   55.4
741   55.4
742   53.6
743   53.6
744   53.6
745   53.6
746   55.4
747   57.2
748   57.2
749   57.2
750   57.2
751   57.2
752   59.0
753   60.8
754   60.8
755   60.8
756   60.8
757   60.8
758   60.8
759   60.8
760   60.8
761   60.8
762   60.8
763   60.8
764   60.8
765   60.8
766   60.8
767   64.4
768   64.4
769   66.2
770   66.2
771   64.4
772   64.4
773   62.6
774   64.4
775   64.4
776   64.4
777   64.4
778   69.8
779   69.8
780   69.8
781   69.8
782   69.8
783   69.8
784   69.8
785   69.8
786   69.8
787   69.8
788   69.8
789   64.4
790   64.4
791   64.4
792   64.4
793   62.6
794   62.6
795   62.6
796   62.6
797   62.6
798   62.6
799   60.8
800   60.8
801   60.8
802   60.8
803   60.8
804   60.8
805   60.8
806   60.8
807   60.8
808   60.8
809   60.8
810   60.8
811   60.8
812   60.8
813   48.2
814   50.0
815   50.0
816   53.6
817   53.6
818   55.4
819   53.6
820   53.6
821   53.6
822   53.6
823   55.4
824   55.4
825   57.2
826   57.2
827   57.2
828   57.2
829   57.2
830   57.2
831   57.2
832   57.2
833   57.2
834   57.2
835   57.2
836   51.8
837   51.8
838   51.8
839   51.8
840   53.6
841   46.4
842   46.4
843   42.8
844   42.8
845   42.8
846   42.8
847   46.4
848   50.0
849   50.0
850   55.4
851   55.4
852   55.4
853   55.4
854   55.4
855   55.4
856   55.4
857   55.4
858   55.4
859   55.4
860   55.4
861   50.0
862   50.0
863   50.0
864   50.0
865   46.4
866   44.6
867   44.6
868   41.0
869   41.0
870   39.2
871   42.8
872   46.4
873   46.4
874   48.2
875   48.2
876   48.2
877   48.2
878   48.2
879   48.2
880   48.2
881   48.2
882   48.2
883   48.2
884   48.2
885   44.6
886   48.2
887   51.8
888   51.8
889   46.4
890   48.2
891   44.6
892   44.6
893   45.0
894   45.0
895   44.1
896   46.0
897   51.1
898   51.1
899   51.1
900   50.0
901   48.9
902   48.9
903   50.0
904   48.9
905   48.9
906   46.0
907   46.0
908   46.9
909   48.0
910   48.0
911   51.1
912   48.0
913   48.0
914   52.0
915   52.0
916   52.0
917   53.1
918   53.1
919   53.1
920   55.0
921   55.0
922   54.0
